
 NPM(K)    PM(M)      WS(M)     CPU(s)      Id  SI ProcessName
 ------    -----      -----     ------      --  -- -----------
      6     1,12       5,27       0,12    7760   0 AggregatorHost
     27    17,01      35,57       1,92    1328   1 ApplicationFrameHost
      9     1,86       6,14       0,20    5556   0 armsvc
     25    10,64      27,00     440,94   25192   0 audiodg
     44    17,31      62,91       1,98   20236   1 backgroundTaskHost
     20    10,71      16,05       1,16    9564   1 BOSEUPDATER
     50    25,08      65,03     338,33    9536   0 CcmExec
     13    15,45      64,38       1,23    1896   1 Code
     52   208,86     211,39     531,25    3612   1 Code
     50    65,08     118,84      75,16    5756   1 Code
     13    18,34      66,32       1,97    8732   1 Code
     20    14,42      40,97       4,86    9120   1 Code
     13    17,86      64,98       1,70   10080   1 Code
     12     9,25      23,36       0,64   10880   1 Code
     14    37,68      65,04      17,88   10972   1 Code
     50    89,42     112,91     240,78   14908   1 Code
     14    27,85      63,81       3,78   15468   1 Code
     20    29,27      69,95       5,27   15972   1 Code
     56   667,21     505,90     298,98   17680   1 Code
     24    68,27      90,52     170,38   17712   1 Code
     15    17,25      63,11       3,48   18024   1 Code
     13    18,54      65,15       1,83   18340   1 Code
     13    41,69      67,61       3,33   21464   1 Code
     14    17,89      78,57       0,98   22648   1 Code
     86   175,68     226,75      47,61   23428   1 Code
     38    65,79     127,76      17,58   24824   1 Code
     17    12,82      14,57       2,19    9976   1 CodeHelper
     18    10,58      15,98       0,28   19712   1 CodeHelper
     19    26,62      28,58       5,67   10092   1 com.docker.backend
     12    20,47      16,24       2,45    8892   1 com.docker.proxy
     47    50,61      48,23       5,94    6776   0 com.docker.service
     11    19,98      15,96       1,80   17232   1 com.docker.wsl-distro-proxy
      8     1,35       8,09       0,09   21300   1 CompPkgSrv
      8     5,31       5,94       0,30    2028   1 conhost
     10     5,70       7,66       0,17    5160   1 conhost
      7     5,16       3,99       0,03    5404   0 conhost
      8     1,29       6,45       1,17    7288   1 conhost
     10     5,70       7,71       0,31    9548   1 conhost
      8     5,31       5,95       0,08    9552   1 conhost
      8     5,29       5,95       0,06   11452   1 conhost
     10     5,71       7,68       0,25   11920   1 conhost
      7     5,30       5,90       0,09   12996   1 conhost
      8     5,34       1,04       0,22   13316   1 conhost
     10     5,70       7,68       0,20   13492   1 conhost
     10     5,70       7,71       0,22   14132   1 conhost
     10     5,70       7,69       0,31   14724   1 conhost
     10     5,71       7,69       0,28   14740   1 conhost
      8     5,30      11,08       0,08   14920   1 conhost
      8     5,31       5,93       0,05   14928   1 conhost
      8     5,30       5,89       0,09   15232   1 conhost
      8     5,30       5,87       0,08   15976   1 conhost
      7     5,30       5,72       0,08   16284   1 conhost
      8     5,31       5,91       0,12   16296   1 conhost
      8     5,31       5,81       0,06   16396   1 conhost
      8     5,30       5,82       0,08   16500   1 conhost
     10     5,71       7,72       0,25   17168   1 conhost
     10     5,70       7,64       0,19   17200   1 conhost
      7     5,30       5,83       0,61   17544   1 conhost
     47    26,32      66,90       2,38   15436   1 Cortana
     40     3,64       7,03      52,20    1004   1 csrss
     31     2,00       5,07      21,83    1016   0 csrss
     18     6,08      24,15     142,05   14064   1 ctfmon
     16     3,85      10,39       1,88    5112   0 dasHost
     15    10,80      16,77       9,22    5600   0 DAX3API
     10     2,48       9,63       1,05    8208   1 DAX3API
     16     6,78       9,29       0,80    6392   1 dllhost
     18     3,29      11,49       0,19    8756   0 dllhost
     15     3,40      12,76       0,77   13348   1 dllhost
     13     7,08      10,24       9,61   13408   1 dllhost
     15     4,10      13,94       1,34   16364   0 dllhost
     12     4,24       9,79       1,11   17368   1 dllhost
     16     9,34      17,59      12,33   19100   1 dllhost
     11    24,32      22,84       2,11   17136   1 docker
     74    93,42      94,05      28,56    3400   1 Docker Desktop
     96   316,89     194,19   2.730,81    2396   1 dwm
    149   130,87     208,81   1.081,33   16060   1 explorer
     19     5,23      25,94       1,89    6932   1 FileCoAuth
      6     2,21       2,78       0,80    1276   0 fontdrvhost
      8     4,59       6,27      52,53    1556   1 fontdrvhost
     32    37,85      79,48      76,70   11024   1 GpVpnApp
      0     0,06       0,01       0,00       0   0 Idle
     11     2,12       9,47       0,25    3988   0 igfxCUIServiceN
     27     7,32      30,01       5,17   10348   1 igfxEMN
     24    27,27      21,10       3,05    5608   0 IntelAudioService
      8     1,44       5,41       0,16    2276   0 IntelCpHDCPSvc
     33    10,44       0,46     459,34   26136   1 ipoint
     18     8,53      12,44       1,16    5644   0 IpOverUsbSvc
     11     2,64       9,05       0,19    5124   1 ISM
     31     8,11       7,88      53,80   26324   1 itype
     31   430,88      34,55     353,91    7072   1 java
     44   208,26     164,25      60,33   14520   1 jetbrains-toolbox
     19    11,30      22,46       0,39   18628   1 jetbrains-toolbox-helper
     19     7,54      23,29       1,23   23476   1 jetbrains-toolbox-helper
     23    51,08      66,53       9,28   23540   1 jetbrains-toolbox-helper
     22     2,27       4,19       3,22    1084   0 LsaIso
     35    15,99      35,87     330,05    1104   0 lsass
     15     2,77       7,92       8,84    5568   0 mDNSResponder
      0     4,16   1.597,33     273,06    3868   0 Memory Compression
     50    47,33      72,19      74,16    6816   0 Microsoft.Management.Services.IntuneWindowsAgent
     47    39,72       2,58       3,23   19496   1 Microsoft.Photos
     12     3,04       2,64     312,77   25632   1 MKCHelper
     14     3,04      10,36       0,55   10608   0 msdtc
     24    61,23      91,97      64,67    1476   1 msedge
     10     6,11       7,69       0,48    2872   1 msedge
     22    95,24     142,90   1.136,55    7900   1 msedge
     15    20,14      37,98       1,17   12620   1 msedge
     24    99,63      77,82     324,36   16056   1 msedge
     60   339,90     218,60   1.760,55   17948   1 msedge
     39    29,79      47,83     426,73   18260   1 msedge
    301   257,45     262,43   1.376,83   18852   1 msedge
     15    18,81      36,42       0,83   19352   1 msedge
     17    72,68      61,55      27,62   19708   1 msedge
     18    80,30      65,23      15,06   19756   1 msedge
     17    13,06      22,27       2,84   19856   1 msedge
     19    39,82      76,02       5,47   20300   1 msedge
     14    17,43      24,01       0,36   20756   1 msedge
     14    16,12      20,92       4,34   22156   1 msedge
    103   318,53     256,98   5.944,08    5988   0 MsMpEng
     55   255,58     183,68   2.216,92    5820   0 MsSense
     32   173,06      29,87      20,59   10408   1 mstsc
     32   173,17      29,80      18,72   11684   1 mstsc
     32   156,57      29,54       6,81   26364   1 mstsc
     36    20,81      29,75     429,66    5616   0 NisSrv
     21     7,88      27,26      11,33    2336   1 nvcontainer
     93    41,06      63,26      63,19    3808   1 nvcontainer
     44    12,91      39,29      19,56    5780   0 nvcontainer
     17     5,54      17,56       4,66    3536   0 NVDisplay.Container
     32    35,25      43,55      18,97    7668   1 NVDisplay.Container
     25    51,25      32,50       1,53   10732   1 NVIDIA Share
     38    28,96      65,30     150,61   12476   1 NVIDIA Share
     31    53,92      53,92      17,30   17500   1 NVIDIA Share
     78    30,55      14,84      11,45   13008   1 NVIDIA Web Helper
     14     3,23      13,66      24,83   16652   1 nvsphelper64
     28    37,52      39,85       9,86    5548   0 OfficeClickToRun
     50   446,82      71,18     194,11    4668   1 OneDrive
     47   123,98      75,98     380,52    6656   1 OneDrive
     11     2,27      10,08       3,31   16868   1 OpenConsole
    104   299,59     110,95     310,73    9464   1 PolicyLanguageServer
    140   459,23     426,09     431,08   17172   1 POWERPNT
     28    24,30      19,15       0,53    5628   0 PresentationFontCache
     78    63,89     107,95      13,92   21924   1 pwsh
     89    82,29     135,91      40,14   22276   1 pwsh
     21    10,07      10,24     201,08    4228   0 QualysAgent
     28    17,63     196,45       8,39     168   0 Registry
     13     2,68       9,81       1,39    5828   0 RtkAudUService64
     11     1,92       8,96       0,33   16272   1 RtkAudUService64
     10     1,55       6,92       1,80    8096   1 rundll32
      8     1,62       8,25       0,28    1316   1 RuntimeBroker
     23     6,69      31,01       3,47    5692   1 RuntimeBroker
     16     4,38      25,99       1,78   11288   1 RuntimeBroker
     15     3,94      23,80     124,16   11648   1 RuntimeBroker
     12     2,67      14,17       0,83   11740   1 RuntimeBroker
     17     4,23      23,47       1,06   11904   1 RuntimeBroker
     51    27,07      77,67      49,48   12572   1 RuntimeBroker
     18     5,94      27,84       4,78   12712   1 RuntimeBroker
     16     5,02      18,26       1,72   15812   1 RuntimeBroker
     10     2,25      11,21       0,23   19336   1 RuntimeBroker
     15     6,56      18,73       0,91   22408   1 RuntimeBroker
     12     3,01      12,90       0,86   23148   1 RuntimeBroker
     11     3,61      12,14       0,27   24496   1 RuntimeBroker
     10     1,98       9,09       0,11   25164   1 RuntimeBroker
     26    38,03      37,77       2,11   11432   1 SCNotification
    172   312,89     116,32      35,39   20760   1 SearchApp
    112   242,68     110,78     329,72    7840   0 SearchIndexer
      0     0,18      78,23       0,00     104   0 Secure System
     15     3,42      14,25       2,53   12748   0 SecurityHealthService
     10     1,86      10,40       0,48    8776   1 SecurityHealthSystray
     21    45,45      47,26   1.498,33    7560   0 SenseCE
      7     3,84       7,17     104,17    9092   0 SenseNdr
     13     7,00      12,00     664,97    1076   0 services
      8    10,42      11,29      91,94    5140   0 SgrmBroker
     32    21,96      72,54      12,41   10532   1 ShellExperienceHost
     15    11,29      33,59       0,83    3364   1 Signal
     30   272,96     106,60     257,70   11556   1 Signal
     16    10,73      58,01       1,41   14536   1 Signal
     40   229,40     129,15     215,72   20356   1 Signal
     40   192,41     226,26     868,19   22456   1 Signal
     25     7,84      42,08     152,94    9168   1 sihost
     10     2,52       9,36       0,09    2476   1 smartscreen
      4     1,07       1,09       0,36     568   0 smss
     29     6,53      18,38       1,98    5260   0 spoolsv
     11     2,36       7,92       0,31    5888   0 sqlwriter
     36    41,91      87,00      20,17   20704   1 StartMenuExperienceHost
     36    69,75      63,08       5,94    1660   1 SurfaceDTX
     27     1,86       5,46       0,73    5916   0 SurfaceDtxService
     23    11,38      18,27       5,73    5924   0 SurfaceService
      8     1,75       6,26       1,05    5932   0 SurfaceUsbHubFwUpdateV2Service
     15     2,88      14,44       1,81    1020   0 svchost
     30    18,09      40,59     213,33    1232   0 svchost
     39     5,43      16,25     334,22    1248   0 svchost
     14     3,01      14,89      11,77    1336   0 svchost
     25    15,39      22,30     279,77    1356   0 svchost
     15     3,82       9,89      35,47    1492   0 svchost
     25     6,52      12,38     301,05    1544   0 svchost
     14     3,39      11,09       3,28    1844   0 svchost
     10     1,21       5,20       0,25    1852   0 svchost
     15     3,13      10,74       2,34    1860   0 svchost
      9     1,79       7,04       0,25    1908   0 svchost
     44     8,20      11,86      11,50    1976   0 svchost
     23     2,23       8,70       0,52    2012   0 svchost
     17     2,17      11,82      19,02    2036   0 svchost
     10     2,64      12,95       1,84    2112   0 svchost
     14     3,14      10,17       2,25    2172   0 svchost
     14     3,46       9,07       0,52    2320   0 svchost
     14     1,82       5,91       0,80    2428   0 svchost
     31    12,60      22,32      36,89    2448   0 svchost
     14     4,79       8,91     147,02    2512   0 svchost
     13     5,25      13,40       4,03    2540   0 svchost
     12     2,31       8,37       0,38    2652   0 svchost
     13     3,93       8,82      36,55    2740   0 svchost
     11     1,96       8,79       0,31    2764   0 svchost
     10     2,02       8,34       0,41    2812   0 svchost
     13     3,47      13,64      49,64    2836   0 svchost
     11     2,82      10,30      34,19    2916   0 svchost
     16     6,86      10,58       0,34    3144   0 svchost
     11     2,60       9,28       2,23    3228   0 svchost
     19    26,15      30,71     577,64    3296   0 svchost
     19    26,06      20,70     170,39    3308   0 svchost
     14     4,18      13,16       7,03    3372   0 svchost
     21     7,18      16,80       9,61    3484   0 svchost
      9     1,63       6,95       0,20    3524   0 svchost
     34    34,61      22,60     298,48    3604   0 svchost
     37    26,30      35,33      33,14    3664   0 svchost
      8     1,42       5,64       1,92    3672   0 svchost
     11     3,12       8,61       1,45    3680   0 svchost
     17     3,23      15,05      91,20    3700   0 svchost
     11     1,99       8,74       1,27    3764   0 svchost
     17     2,62      10,15       0,61    3856   0 svchost
     35    12,04      25,22       3,39    4004   0 svchost
     12     2,29      13,29      10,98    4040   0 svchost
     11     2,42       9,45       5,22    4048   0 svchost
     10     1,69       7,40       0,31    4060   0 svchost
     18    10,88      10,28       0,69    4168   0 svchost
     26     8,32      20,33      10,25    4188   0 svchost
     13     2,68      13,47       1,91    4420   0 svchost
     18     3,48      11,62       0,53    4696   0 svchost
     11     1,82       7,46       3,56    4708   0 svchost
      7     1,68       6,15       1,33    4788   0 svchost
      8     1,52       6,64       0,11    4872   0 svchost
     15     4,43      20,91      16,83    4960   0 svchost
     10     1,96       6,73       2,23    5028   0 svchost
     11     1,90       7,73       0,28    5052   0 svchost
     11     1,94       7,80       0,88    5448   0 svchost
     27    13,30      22,61     231,92    5524   0 svchost
     31    26,52      42,30     114,03    5532   0 svchost
     13     4,45       9,30       0,66    5540   0 svchost
     28     5,39      17,20      21,11    5576   0 svchost
     25     5,56      17,81       4,20    5620   0 svchost
     13     2,45       9,33       1,38    5672   0 svchost
     42     1,76       6,52       0,14    5808   0 svchost
     11     2,09       8,38       1,52    5896   0 svchost
     15     5,23       9,99       0,73    5960   0 svchost
      8     1,47       5,34       0,88    5968   0 svchost
     26     6,47      22,81      11,84    6012   0 svchost
     20     4,59      21,16       3,73    6020   0 svchost
      8     1,52       6,33       0,47    6032   0 svchost
    184     5,81      27,04       4,86    6172   0 svchost
     12     2,49      14,39       2,30    6468   1 svchost
     22    14,20      37,08     147,14    6636   1 svchost
     30    14,55      49,62      62,61    6708   1 svchost
      9     3,75      10,71       0,30    6728   0 svchost
     13     2,72      13,85       1,05    6936   0 svchost
     10     1,95       9,68       0,48    7020   1 svchost
     13     2,56      11,19       0,56    7080   0 svchost
     14     2,26       8,39       0,23    7224   0 svchost
     11     2,14       8,29       0,22    7352   0 svchost
     12     2,72      11,34       2,11    8292   0 svchost
      8     1,35       5,57       0,22    8860   0 svchost
     14     2,83      12,78       1,16    9008   0 svchost
     31    36,18      36,84     239,25    9048   0 svchost
     35    10,91      23,12      17,22    9240   0 svchost
     14     3,09      12,03       1,69    9284   0 svchost
     23     2,60       8,61       5,66    9384   0 svchost
     15     5,18      24,52     144,89    9648   0 svchost
     31     5,88      19,79     225,08    9720   0 svchost
     13     2,00       8,55       1,23    9864   0 svchost
     18    30,05      20,19     120,61    9972   0 svchost
     96     3,68      15,12       2,03   10108   0 svchost
     11     2,09       9,41       0,52   10288   0 svchost
     12     2,42       9,38      10,48   10496   0 svchost
     11     1,87       9,66       0,81   10552   0 svchost
     17     3,56      15,75       2,50   10556   0 svchost
     10     1,82       8,41       0,30   10792   0 svchost
     23     9,48      24,52       6,05   11092   1 svchost
     26     5,96      19,74       3,50   11512   1 svchost
      9     2,02       8,93       0,38   12820   1 svchost
     10     1,69       7,79       0,23   13112   0 svchost
     18     3,50      10,64       2,28   13280   0 svchost
     10     1,99       8,31       0,31   13456   0 svchost
     23    11,21      35,37      20,97   14188   1 svchost
     16     4,06      16,87       2,62   15240   0 svchost
     14     2,98      20,48       2,42   16184   1 svchost
     12     5,31      12,28       1,33   17572   0 svchost
     11     2,33      14,49       0,27   22824   1 svchost
     17     6,96      12,26       0,22   23592   0 svchost
     10     1,85       9,59       0,09   25032   0 svchost
     36   297,88      48,50     914,61   25528   0 svchost
      9     1,76       7,94       0,09   25876   0 svchost
      9     1,62       7,51       0,19   26456   0 svchost
      0     0,04       0,14   4.064,14       4   0 System
     36    22,15       1,58       1,97    2508   1 SystemSettings
     22    47,50      27,98      15,34   11360   1 TabTip
     63    15,18      26,86      12,69    9652   1 taskhostw
     20    11,37      57,95       7,92    2712   1 Teams
     29    36,03      57,12       6,38    4684   1 Teams
     86   200,03     163,51     452,25    6808   1 Teams
    154   329,40     341,01     944,28   14156   1 Teams
    257   562,77     533,45   1.710,42   14588   1 Teams
     25    19,47      48,46      82,95   15828   1 Teams
   5472 1.069,54     667,63   5.244,77   15964   1 Teams
     49   360,55     295,15   1.199,94   16156   1 Teams
     23    23,77      79,53       0,31   19196   1 Teams
     26    28,56      72,66       1,05   23068   1 Teams
     23    23,18      72,18      64,38   24140   1 Teams
     67    66,91     101,12      60,03   20920   1 TextInputHost
     16     8,15      18,25       2,14   23784   0 TiWorker
      9     2,06       8,70       0,16   21700   0 TrustedInstaller
     38    19,96       1,62       1,92   15784   1 Video.UI
     11     2,61      13,91       1,98    9576   0 vmcompute
      0 3.328,63   1.826,15   4.011,73    9884   0 vmmem
     25    42,86      34,31       1,73    3424   0 vmms
     57    15,88      20,71      10,91   10056   0 vmwp
     10    18,79      12,00       1,78   14020   1 vpnkit
     14    22,91      15,19     198,14   14780   1 vpnkit-bridge
     48    21,68      34,30       9,86    3780   1 vsls-agent
     38    33,80      95,25      67,95    4536   1 WindowsTerminal
     11     1,32       5,53       0,06    1012   0 wininit
     14     2,84      11,27       1,84    1448   1 winlogon
    166    54,52       1,68       5,52   15932   1 WinStore.App
      8     1,23       5,39       0,14    5396   0 wlanext
     18     5,12      17,90       7,66    1700   0 WmiPrvSE
     11     3,43       9,68       1,73    4416   0 WmiPrvSE
     29    19,00      38,14     971,52    5004   0 WmiPrvSE
     36    91,33     113,50   3.666,78    8560   0 WmiPrvSE
     13     3,18      12,16       9,62    9340   0 WmiPrvSE
     20     4,94      19,47       1,52   14808   0 WmiPrvSE
     10     1,98       9,04       0,16    8500   1 wsl
     10     1,92       9,17       0,12   10984   1 wsl
     10     1,96       9,05       0,17   15220   1 wsl
     10     1,98       9,16      51,48   15380   1 wsl
     10     1,92       9,15       0,16   16648   1 wsl
     18     1,52       7,51       0,11    2912   1 wslhost
      7     1,12       6,55       0,06    6540   1 wslhost
      7     1,10       6,59       0,11   10672   1 wslhost
      7     1,14       6,55       0,09   13840   1 wslhost
     18     1,49       7,55       0,08   14308   1 wslhost
     18     1,48       7,50       0,12   14860   1 wslhost
      7     1,12       6,56       0,05   16924   1 wslhost
      8     1,11       5,85       0,06   17128   1 wslhost
      7     1,10       6,57       0,08   17468   1 wslhost
     19   152,95      31,14     374,56    1348   0 WUDFHost
     25    15,15      17,73       5,09    1624   0 WUDFHost
     18     2,89       9,89     274,81    4508   0 WUDFHost
     10    35,29       6,27       0,52    6036   0 WUDFHost
     11     1,63       6,70       0,36    9372   0 WUDFHost
     48    27,15      54,78       6,84   15300   1 YourPhone
     47    49,68      67,88      26,41    9452   1 YourPhoneServer

